84
1
0
0
76
1
0
0
198
0
0
0
76
1
0
0
76
65
188
236
79
75
65
79
70
82
55
48
7
0
0
0
100
0
0
0
10
0
0
0
1
0
0
0
0
0
0
0
161
44
32
181
0
7
246
26
209
190
242
219
250
228
29
217
73
66
102
31
235
28
215
228
247
5
3
234
39
234
42
92
239
213
249
12
39
45
210
250
4
26
225
20
85
251
8
254
201
40
30
237
15
19
38
209
254
250
227
217
223
225
252
240
8
238
2
15
248
243
7
19
238
221
21
10
1
250
67
243
219
6
240
9
16
15
212
41
225
222
10
238
55
76
235
235
187
12
6
7
215
5
239
243
251
18
20
239
246
46
26
6
56
8
226
219
65
22
38
241
237
236
56
9
1
250
222
246
18
27
36
250
229
244
214
12
233
193
38
19
251
72
62
213
1
0
0
0
0
0
0
0
161
44
32
181
0
7
246
26
209
190
242
219
250
228
29
217
73
66
102
31
235
28
215
228
247
5
3
234
39
234
42
92
239
213
249
12
39
45
210
250
4
26
225
20
85
251
8
254
201
40
30
237
15
19
38
209
254
250
227
217
223
225
252
240
8
238
2
15
248
243
7
19
238
221
21
10
1
250
67
243
219
6
240
9
16
15
212
41
225
222
10
238
55
76
235
235
187
12
6
7
215
5
239
243
251
18
20
239
246
46
26
6
56
8
226
219
65
22
38
241
237
236
56
9
1
250
222
246
18
27
36
250
229
244
214
12
233
193
38
19
251
72
62
213
